section 0 of Wing
1.00000000     -0.00000000
0.99078960     -0.00035505
0.98331476     -0.00081770
0.96896986     -0.00209480
0.95467587     -0.00385169
0.94043598     -0.00600017
0.92624901     -0.00847055
0.90419883     -0.01276031
0.88390505     -0.01701500
0.85575987     -0.02311239
0.82761418     -0.02920748
0.79944178     -0.03517981
0.77123675     -0.04099841
0.74300270     -0.04667662
0.71474893     -0.05225743
0.68647263     -0.05772468
0.65817523     -0.06308309
0.62984695     -0.06827823
0.60147807     -0.07324974
0.57305753     -0.07792056
0.54457850     -0.08222512
0.51603501     -0.08608408
0.48742787     -0.08944368
0.45875941     -0.09223747
0.43003615     -0.09439807
0.40127019     -0.09588336
0.37247549     -0.09659999
0.34367307     -0.09649154
0.31489038     -0.09547217
0.28616019     -0.09349447
0.25751717     -0.09054122
0.22899163     -0.08663752
0.20060385     -0.08185751
0.17236260     -0.07629684
0.14428005     -0.07000253
0.11638873     -0.06293057
0.09097625     -0.05554030
0.07732289     -0.05102712
0.06383164     -0.04606175
0.05056907     -0.04052866
0.03762192     -0.03431072
0.02512555     -0.02725149
0.01817939     -0.02267271
0.01246124     -0.01835288
0.00715119     -0.01355257
0.00421177     -0.01023388
0.00219024     -0.00729121
0.00069154     -0.00405850
0.00021710     -0.00226729
0.00000000     0.00000000
0.00014409     0.00232558
0.00050275     0.00435178
0.00164823     0.00784091
0.00334762     0.01110270
0.00653647     0.01531151
0.01195560     0.02031509
0.01806331     0.02448007
0.02778403     0.02952914
0.04156917     0.03496501
0.05573403     0.03935749
0.07011034     0.04302295
0.08462425     0.04611797
0.10477403     0.04955763
0.13425166     0.05311368
0.16387450     0.05522211
0.19356006     0.05620184
0.22326319     0.05639799
0.25296632     0.05607910
0.28266514     0.05545973
0.31235987     0.05466058
0.34205081     0.05372797
0.37173802     0.05268122
0.40142051     0.05150620
0.43109790     0.05020768
0.46076950     0.04878125
0.49043653     0.04726234
0.52009944     0.04566434
0.54975988     0.04402085
0.57941810     0.04233772
0.60907429     0.04061890
0.63872538     0.03881441
0.66836802     0.03687608
0.69799841     0.03475958
0.72761179     0.03241756
0.75720489     0.02983340
0.78677832     0.02703410
0.81633559     0.02406972
0.84588437     0.02102238
0.87542773     0.01792347
0.90125060     0.01515372
0.92393417     0.01256774
0.93867218     0.01072834
0.95338677     0.00871275
0.96805958     0.00641657
0.98267125     0.00376501
0.99081713     0.00209234
1.00000000     -0.00000000
