section 20 of Wing
1.00000000     0.00000000
0.99097226     -0.00024662
0.98363805     -0.00047712
0.96953761     -0.00103281
0.95544376     -0.00174105
0.94135884     -0.00261228
0.92728340     -0.00362760
0.90534787     -0.00549605
0.88512510     -0.00749973
0.85707375     -0.01062375
0.82905708     -0.01404655
0.80106680     -0.01767944
0.77309173     -0.02142795
0.74511938     -0.02519674
0.71714287     -0.02893441
0.68915385     -0.03257716
0.66114384     -0.03605448
0.63310991     -0.03933287
0.60504882     -0.04236905
0.57695810     -0.04511577
0.54883893     -0.04755160
0.52069238     -0.04964187
0.49252182     -0.05137203
0.46433096     -0.05271875
0.43612446     -0.05366551
0.40790790     -0.05419402
0.37968754     -0.05429449
0.35147035     -0.05394199
0.32326401     -0.05313132
0.29507617     -0.05185777
0.26691572     -0.05010453
0.23878894     -0.04789767
0.21070234     -0.04524607
0.18265992     -0.04217846
0.15466429     -0.03872428
0.12672032     -0.03488801
0.10106658     -0.03099265
0.08715456     -0.02869123
0.07327250     -0.02622075
0.05943098     -0.02353930
0.04565400     -0.02055305
0.03198362     -0.01712578
0.02414028     -0.01483054
0.01746847     -0.01257460
0.01095160     -0.00991695
0.00706058     -0.00794773
0.00410687     -0.00604619
0.00152617     -0.00367772
0.00052600     -0.00215981
0.00000000     0.00000000
0.00070031     0.00216234
0.00205504     0.00367860
0.00507427     0.00570852
0.00838626     0.00723911
0.01333289     0.00895894
0.02039413     0.01083854
0.02754261     0.01236865
0.03820009     0.01424731
0.05266753     0.01639659
0.06717534     0.01826594
0.08170753     0.01994342
0.09625538     0.02148521
0.11631311     0.02338650
0.14547943     0.02574478
0.17467882     0.02767650
0.20390008     0.02926650
0.23313617     0.03057810
0.26238100     0.03169440
0.29163283     0.03262841
0.32088982     0.03340193
0.35015176     0.03398501
0.37941762     0.03436309
0.40868617     0.03450875
0.43795545     0.03438259
0.46722292     0.03398462
0.49648585     0.03330700
0.52574215     0.03237083
0.55499042     0.03119860
0.58422893     0.02979638
0.61345865     0.02821586
0.64267869     0.02646190
0.67189067     0.02457524
0.70109457     0.02256497
0.73029157     0.02045523
0.75948345     0.01827481
0.78867163     0.01604471
0.81785865     0.01379925
0.84704436     0.01153656
0.87623103     0.00928651
0.90174777     0.00730954
0.92417795     0.00555584
0.93877051     0.00442064
0.95336328     0.00328838
0.96795734     0.00217302
0.98255587     0.00111858
0.99073377     0.00056795
1.00000000     0.00000000
